0.020000, 1106
0.040000, 605
0.060000, 423
0.080000, 326
0.100000, 266
0.120000, 225
0.140000, 195
0.160000, 171
0.180000, 153
0.200000, 138
0.220000, 126
0.240000, 115
0.260000, 106
0.280000, 98
0.300000, 92
0.320000, 86
0.340000, 80
0.360000, 75
0.380000, 71
0.400000, 67
0.420000, 64
0.440000, 60
0.460000, 57
0.480000, 54
0.500000, 52
0.520000, 49
0.540000, 47
0.560000, 45
0.580000, 43
0.600000, 41
0.620000, 40
0.640000, 38
0.660000, 36
0.680000, 35
0.700000, 34
0.720000, 32
0.740000, 31
0.760000, 30
0.780000, 29
0.800000, 27
0.820000, 26
0.840000, 25
0.860000, 24
0.880000, 23
0.900000, 23
0.920000, 22
0.940000, 21
0.960000, 20
0.980000, 19
1.000000, 18
1.020000, 18
1.040000, 17
1.060000, 16
1.080000, 15
1.100000, 14
1.120000, 14
1.140000, 13
1.160000, 12
1.180000, 11
1.200000, 11
1.220000, 12
1.240000, 12
1.260000, 13
1.280000, 14
1.300000, 15
1.320000, 15
1.340000, 16
1.360000, 16
1.380000, 17
1.400000, 17
1.420000, 19
1.440000, 20
1.460000, 21
1.480000, 22
1.500000, 24
1.520000, 25
1.540000, 26
1.560000, 28
1.580000, 30
1.600000, 32
1.620000, 35
1.640000, 38
1.660000, 42
1.680000, 46
1.700000, 51
1.720000, 56
1.740000, 63
1.760000, 73
1.780000, 84
1.800000, 102
1.820000, 126
1.840000, 165
1.860000, 233
1.880000, 411
1.900000, 1616
1.920000, 45279
1.940000, 18168
1.960000, 11450
1.980000, 8403
